
File Scan


Trace: generated/fileScan-Company.trace

SingleBufferPool

15 0.0
20 0.0
60 0.0
120 0.0
252 0.0
300 0.0
500 0.0
700 0.0

MultipleBufferPool

0.0
0.0
0.0
0.0
0.0
0.0
0.0
0.0

Trace: generated/fileScan-Product.trace

SingleBufferPool

15 0.0
20 0.0
60 0.0
120 0.0
252 0.0
300 0.0
500 0.0
700 0.0

MultipleBufferPool

0.0
0.0
0.0
0.0
0.0
0.0
0.0
0.0

Trace: generated/fileScan-Sale.trace

SingleBufferPool

15 0.0
20 0.0
60 0.0
120 0.0
252 0.0
300 0.0
500 0.0
700 0.0

MultipleBufferPool

0.0
0.0
0.0
0.0
0.0
0.0
0.0
0.0

Index Scan


Trace: generated/indexScanClustered-Product.trace

SingleBufferPool

15 0.0
20 0.0
60 0.0
120 0.0
252 0.0
300 0.0
500 0.0
700 0.0

MultipleBufferPool

0.0
0.0
0.0
0.0
0.0
0.0
0.0
0.0

Trace: generated/indexScanClustered-Sale.trace

SingleBufferPool

15 0.0
20 0.0
60 0.0
120 0.0
252 0.0
300 0.0
500 0.0
700 0.0

MultipleBufferPool

0.0
0.0
0.0
0.0
0.0
0.0
0.0
0.0

Trace: generated/indexScanUnclustered-Product.trace

SingleBufferPool

15 0.09302325581395349
20 0.11627906976744186
60 0.13953488372093023
120 0.13953488372093023
252 0.13953488372093023
300 0.13953488372093023
500 0.13953488372093023
700 0.13953488372093023

MultipleBufferPool

0.06976744186046512
0.11627906976744186
0.13953488372093023
0.13953488372093023
0.13953488372093023
0.13953488372093023
0.13953488372093023
0.13953488372093023

Trace: generated/indexScanUnclustered-Sale.trace

SingleBufferPool

15 0.015748031496062992
20 0.015748031496062992
60 0.05905511811023622
120 0.08267716535433071
252 0.0984251968503937
300 0.0984251968503937
500 0.0984251968503937
700 0.0984251968503937

MultipleBufferPool

0.023622047244094488
0.015748031496062992
0.05511811023622047
0.08267716535433071
0.0984251968503937
0.0984251968503937
0.0984251968503937
0.0984251968503937







BNLJ


Trace: generated/BNLJ-ProductXSale-group_50.trace

SingleBufferPool

252 0.0
300 0.0
500 0.0
700 0.0

MultipleBufferPool

0.0
0.0
0.0
0.0

Trace: generated/BNLJ-ProductXSale-group_75.trace

SingleBufferPool

252 0.0
300 0.0
500 0.0
700 0.0

MultipleBufferPool

0.0
0.0
0.0
0.0

Trace: generated/BNLJ-ProductXSale-group_100.trace

SingleBufferPool

252 0.0
300 0.0
500 0.0
700 0.0

MultipleBufferPool

0.0
0.0
0.0
0.0

Trace: generated/BNLJ-SaleXProduct-group_100.trace

SingleBufferPool

252 0.2505
300 0.2805
500 0.3725
700 0.4

MultipleBufferPool

0.45
0.45
0.45
0.45

Trace: generated/BNLJ-SaleXProduct-group_250.trace

SingleBufferPool

252 0.0
300 0.025
500 0.12142857142857143
700 0.17

MultipleBufferPool

0.21428571428571427
0.21428571428571427
0.21428571428571427
0.21428571428571427





Random Scan


Trace: generated/random0.trace

SingleBufferPool

15 0.012
20 0.019
60 0.119
120 0.423
252 0.8
300 0.8
500 0.8
700 0.8

MultipleBufferPool

0.018
0.031
0.139
0.441
0.8
0.8
0.8
0.8

Trace: generated/random1.trace

SingleBufferPool

15 0.11752988047808766
20 0.14342629482071714
60 0.301792828685259
120 0.35756972111553786
252 0.39093625498007967
300 0.8047808764940239
500 0.8456175298804781
700 0.8456175298804781

MultipleBufferPool

0.09213147410358566
0.10209163346613546
0.2400398406374502
0.34760956175298807
0.6329681274900398
0.8187250996015937
0.8456175298804781
0.8456175298804781